# faroe saithe catch data                            year = 1961:2015 ,, ages = 3:14+
# faroe saithe survey data var W  stratified         year = 1994:2015 ,, ages = 3:10
# faroe saithe survey data summar stratified         year = 1996:2015 ,, ages = 3:10
# number of years and ages in catch data	c@a 
55 12
# number of years and ages in survey 1 data	u@a
22 8
# number of years and ages in survey 2 data	u@a
20 8
#  ------------------ catch-at-age ,, c@a --------------------------------------
#  3     4     5     6     7    8    9    10  11  12  13  14+
  183   379   483   403   216  129  116   82  45  27   6  49
  562   542   617   495   286  131  129  113  71  29  13  63
  614   340   340   415   406  202  174  158  94 169  61  44
  684  1908  1506   617   572  424  179  150 100  83  47  44
  996   850  1708   965   510  407  306  201 156 120  89  76
  488  1540  1201  1686   806  377  294  205 156  94  52  79
  595   796  1364   792  1192  473  217  190  97  75  38  27
  614  1689  1116  1095   548  655  254  128  89  59  40  88
 1191  2086  2294  1414  1118  589  580  239 115 100  36  54
 1445  6577  1558  1478   899  730  316  241  86  48  46  38
 2857  3316  5585  1005   828  469  326  164 100  54  13  33
 2714  1774  2588  2742  1529 1305 1017  743 330 133  28  49
 2515  6253  7075  3478  1634  693  550  403 215 103  25  58
 3504  4126  4011  2784  1401  640  368  340 197 124  45  96
 2062  3361  3801  1939  1045  714  302  192 193 126  64 108
 3178  3217  1720  1250   877  641  468  223 141  96  60 131
 1609  2937  2034  1288   767  708  498  338 272 129  80 121
  611  1743  1736   548   373  479  466  473 407 211 146 178
  287   933  1341  1033   584  414  247  473 368 206 136 349
  996   877   720   673   726  284  212  171 196 156 261 369
  411  1804   769   932   908  734  343  192  92 128 176 717
  387  4076   994  1114   380  417  296  105  88  56  49 797
 2483  1103  5052  1343   575  339  273   98  98  99  25 416
  368 11067  2359  4093   875  273  161   52  65  59  18 176
 1224  3990  5583  1182  1898  273  103   38  26  72  41 162
 1167  1997  4473  3730   953 1077  245  104  67  33  56  69
 1581  5793  3827  2785   990  532  333   81  43   5  11  81
  866  2950  9555  2784  1300  621  363  159  27  43  15   2
  451  5981  5300  7136   793  546  185   83  55  10   2  27
  294  3833 10120  9219  5070  477  123   61  60  18  19  42
 1030  5125  7452  5544  3487 1630  405  238 128  77  22  19
  521  4067  3667  2679  1373  894  613  123  63  37  52  19
 1316  2611  4689  1665   858  492  448  245  54  34  10   8
  690  3961  2663  2368   746  500  307  303 150  28  19   2
  398  1019  3468  1836  1177  345  241  192 104  73  25  19
  297  1087  1146  1449  1156  521  132   77  64  45  29   8
  344   832  2440  1767  1335  624  165   71  29  48  29  23
  163  1689  1934  3475  1379  683  368   77  32  28  24  21
  322   655  3096  2551  4113  915  380  147  24  27   5  37
  811  2830  1484  4369  2226 2725  348  186  56  18   2   5
 1125  2452  8437  2155  3680 1539 1334  293  90  24  19  13
  302  8399  5962  9786   862 1280  465  362  33  36   8   1
  330  2432 11152  3994  4287  417  419  304  91  40   3   0
   76  2011  8544  8762  2125 1807  265  293 146 100  10   2
  454  2948  9486 16606  7099  843  810   32 102  27   3   0
 1475  5045  7781  7712 10296 3760  640  282  32  12  12   5
  831  3320 11305  6473  3781 4294 1538  406  81  11   9   3
 4784  3108  3598  9370  3594 2223 2048  444 159  12   6   0
  459  7412  4978  1842  5167 2009 1696 1069 292  41   3   1
 2324  2916  5298  1125  1009 2098 1248  832 376  51  22   0
 1897  2744  1940  1804   477  530  704  521 439 138  34   4
  859  9833  4142  1252   901  304  307  399 229 136  91  21
  721  5172  4219  2242   511  209  122   96 146  85  39  36
  879  2323  3143  1681   865  330   99   92  70  55  16   1
 2135  2269  2577  1928   863  283  179   86  69  33  31  15
#  ------------------ survey1-at-age ,, u@a ,, var W --------------------
#    3       4        5        6        7       8       9   10 
1.27	8.47	4.7	4.23	1.08	0.68	0.51	0.54
1.57	5.27	9.14	9.16	3.57	0.85	0.58	0.24
0.63	2.7	1.15	1.31	1.05	0.57	0.34	0.16
0.79	1.07	2.52	1.31	0.94	0.63	0.23	0.26
3.35	9.41	8.05	13.58	3.23	1.45	1.04	0.23
2.18	2.08	6.99	5.57	6.62	0.89	0.39	0.19
2.15	3.81	3.1	12.56	5.03	5.68	0.28	0.12
7.97	3.63	11.12	2.91	4.27	1.63	1.3	0.23
4.19	69.89	27.17	25.74	2.06	2.11	0.79	0.39
8.38	9.27	33.06	9.64	5.85	0.76	0.49	0.46
5.31	53.26	79.93	47.65	2.97	1.2	0.13	0.28
14.17	12.08	27.74	45.92	14.97	2.18	0.83	0.26
27.26	11.45	19.91	14.7	14.8	4.57	0.41	0.25
2.54	4.1	14.01	5.36	2.26	2.42	1.11	0.13
59.22	6.48	4.81	13.33	3.34	3.43	2.23	0.27
12.92	76.99	9.78	2.74	4.66	2.17	2.06	1.61
1.46	4.01	6.74	1.8	2	2.97	1.94	1.44
37.23	6.47	2.1	2.35	0.65	0.46	0.92	0.6
2.55	23.05	6.02	1.4	0.73	0.43	0.58	0.64
2.81	22.03	11.3	5.24	0.89	0.82	0.32	0.31
4.88	12.15	14.34	4.47	2.38	0.65	0.55	0.26
23.43	9.88	10.67	5.38	1.39	0.88	0.2	0.06
#  ------------------ survey2-at-age ,, u@a ,, summar --------------------
#    3       4        5        6        7       8       9   10 
1.465	4.09	2.015	1.67	0.83	0.42	0.155	0.13
6.33	4.905	8.07	3.22	2.295	1.18	0.385	0.095
1.115	4.215	3.99	5.505	1.1	0.55	0.28	0.095
1.51	2.09	6.49	4.59	6.175	1.03	0.4	0.195
8.105	25.025	6.69	14.79	5.99	6.625	0.855	0.475
135.3	74.15	141.105	9.39	12.47	3.915	3.995	0.96
23.2	65.74	23.455	25.105	1.67	2.095	1.04	0.72
78.745	105.235	73.12	11.385	9.93	0.81	0.525	0.465
6.86	72.355	162.18	59.82	8.095	3.555	0.255	0.245
23.465	29.04	30.185	34.005	8.935	1.31	0.84	0.16
44.93	101.47	44.21	18.835	15.285	3.955	0.36	0.285
8.235	10.405	27.795	10.23	5.035	3.61	1.26	0.345
34.32	12.075	4.825	11.865	3.45	1.89	1.165	0.36
11.75	11.695	34.695	4.69	8.45	3.345	2.155	1.795
13.95	6.2	7.305	1.065	0.67	1.225	0.63	0.49
29.475	8.565	2.595	1.94	0.535	0.44	0.815	0.47
32.285	30.09	15.06	1.965	0.965	0.43	0.29	0.43
5.43	18.885	19.655	9.265	1.01	0.43	0.15	0.155
12.405	7.42	6.255	2.75	1.175	0.195	0.13	0.1
29.41	10.885	10.61	4.235	1.665	0.44	0.19	0.115
# efforts in thousands  --------------------------------------------------------
#  35.105 43.571 44.259 42.367 41.972 40.211 37.343 34.003 26.749 25.970 26.617 71.291
# M       ----------------------------------------------------------------------
  0.2
# ------------------------    catch-weights-at-age ,, w@a    -------------------
#   3        4        5        6        7        8        9       10        11      12        13        14+
1.430 2.302 3.348 4.287 5.128 6.155 7.060 7.265  7.497  8.198  9.154  9.992
1.273 2.045 3.293 4.191 5.146 5.655 6.469 6.706  7.150  7.903  8.449  9.658
1.280 2.197 3.212 4.568 5.056 5.932 6.259 8.000  7.265  8.551  9.020  9.818
1.175 2.055 3.266 4.255 5.038 5.694 6.662 6.837  7.686  8.348  8.123  9.423
1.181 2.125 2.941 4.096 4.878 5.932 6.321 7.288  8.074  7.878  9.479  9.849
1.361 2.026 3.055 3.658 4.585 5.520 6.837 7.265  7.662  8.123 10.210  9.883
1.273 1.780 2.534 3.572 4.368 5.313 5.812 6.554  7.806  7.591  8.551  9.135
1.302 1.737 2.036 3.120 4.049 5.183 6.238 7.520  8.049  8.654  8.298  9.748
1.188 1.667 2.302 2.853 3.673 5.002 5.714 6.405  6.554  7.591  7.951  9.096
1.244 1.445 2.249 2.853 3.515 4.418 5.444 5.733  6.662  7.310  9.047  9.634
1.101 1.316 1.818 2.978 3.702 4.271 5.388 5.972  6.490  7.173  7.380  9.612
1.043 1.485 2.055 2.829 3.791 4.175 4.808 5.294  6.948  6.727  7.591  9.609
1.306 1.754 1.899 2.700 4.426 5.264 6.156 6.334  8.076  8.777  9.782 11.115
1.615 1.723 2.493 2.824 3.524 5.197 6.279 6.454  7.070  7.773  8.763 10.830
1.293 1.924 2.623 3.621 4.128 4.754 5.952 7.073  8.352  9.032  9.984 11.082
1.162 1.790 3.074 3.291 4.579 4.648 5.116 6.314  7.069  7.069  7.808  9.714
1.223 1.641 2.660 3.790 4.239 5.597 5.350 5.912  6.837  6.727  6.948  9.258
1.493 2.324 3.068 3.746 4.913 4.368 5.276 5.832  6.053  6.706  7.686  8.516
1.220 1.880 2.620 3.400 4.180 4.950 5.690 6.380  7.020  7.260  8.150  9.618
1.230 2.120 3.320 4.280 5.160 6.420 6.870 7.090  7.930  8.070  8.590 10.142
1.310 2.130 3.000 3.810 4.750 5.250 5.950 6.430  7.000  7.470  8.140  9.430
1.337 1.851 2.951 3.577 4.927 6.243 7.232 7.239  8.346  8.345  8.956 10.227
1.208 2.029 2.965 4.143 4.724 5.901 6.811 7.051  7.248  8.292  9.478 10.509
1.431 1.953 2.470 3.850 5.177 6.347 7.825 6.746  8.636  8.467  8.556 10.802
1.401 2.032 2.965 3.596 5.336 7.202 6.966 9.862 10.670 10.460 10.202 13.055
1.718 1.986 2.618 3.277 4.186 5.589 6.050 6.150  9.536  9.823  7.303 12.773
1.609 1.835 2.395 3.182 4.067 5.149 5.501 6.626  6.343 10.245  8.491 10.482
1.500 1.975 1.978 2.937 3.798 4.419 5.115 6.712  9.040  9.364  9.142 10.216
1.309 1.735 1.907 2.373 3.810 4.667 5.509 5.972  6.939  8.543  9.514 10.484
1.223 1.633 1.830 2.052 2.866 4.474 5.424 6.469  6.343  8.418  7.383  8.640
1.240 1.568 1.864 2.211 2.648 3.380 4.816 5.516  6.407  7.395  8.079  8.674
1.264 1.602 2.069 2.554 3.057 4.078 5.012 6.768  7.754  8.303  7.786  9.301
1.408 1.860 2.323 3.131 3.730 4.394 5.209 6.540  8.403  7.275  9.414  9.640
1.503 1.951 2.267 2.936 4.214 4.971 5.657 5.950  6.891  8.752  9.752  7.989
1.456 2.177 2.420 2.895 3.651 5.064 5.440 6.167  7.080  7.736  7.295  7.104
1.432 1.875 2.496 3.229 3.744 4.964 6.375 6.745  7.466  7.284  8.470 10.125
1.476 1.783 2.032 2.778 3.598 4.766 5.982 7.658  7.882  8.539  9.488 10.413
1.388 1.711 1.954 2.405 3.300 4.220 4.999 6.391  6.665  8.214  8.485  8.845
1.374 1.712 1.905 2.396 2.845 4.124 5.256 5.526  6.956  8.030  8.349  8.907
1.477 1.606 2.077 2.360 2.977 3.480 4.851 5.268  6.523  4.727  8.807  8.972
1.330 1.590 1.785 2.586 3.059 3.871 4.374 5.565  6.703  5.776  7.745  7.773
1.142 1.460 1.652 1.969 3.130 3.589 4.513 5.138  6.422  8.026  4.759 11.357
1.123 1.304 1.614 1.977 2.532 3.970 4.834 5.499  6.099  6.987  5.961  0.000
1.143 1.333 1.450 1.789 2.560 3.159 4.154 5.167  6.015  6.186  7.056  9.391
1.148 1.325 1.516 1.672 2.087 2.975 3.790 6.087  6.134  6.651  7.424  0.000
1.126 1.218 1.462 1.790 2.035 2.436 3.861 4.222  5.149  6.437  6.905  5.365
1.058 1.391 1.413 1.824 2.361 2.682 3.278 4.104  4.998  6.331  7.844  7.971
1.146 1.312 1.672 1.816 2.395 2.902 3.100 3.728  4.769  6.072  6.451  0.000
0.938 1.485 1.893 2.411 2.601 3.147 3.634 4.024  5.014  5.828  6.308  9.011
1.429 1.706 2.166 2.551 3.172 3.411 3.972 4.352  5.083  4.941  5.305  0.000
1.111 1.693 2.253 2.918 3.609 4.204 4.531 5.087  5.416  6.087  6.763  7.916
1.029 1.334 1.626 2.709 3.785 4.448 4.799 5.207  5.562  6.018  7.143  6.247
1.208 1.466 1.778 2.069 3.553 4.292 5.191 5.742  5.919  6.417  7.941  7.138
1.369 1.724 2.163 2.868 3.325 5.903 5.899 6.877  6.784  7.467  7.121 11.310
0.932 1.555 2.091 3.170 4.208 5.032 6.715 7.858  7.428  7.565  7.629  9.367
# ------------------------    maturity-at-age ,, mat@a    -------------------------------------------------
#   3      4       5       6       7       8       9      10      11      12     13      14+
 0.03 0.22 0.52 0.79 0.92 0.98 1.00  1  1  1  1  1
 0.03 0.22 0.52 0.79 0.92 0.98 1.00  1  1  1  1  1
 0.03 0.22 0.52 0.79 0.92 0.98 1.00  1  1  1  1  1
 0.03 0.22 0.52 0.79 0.92 0.98 1.00  1  1  1  1  1
 0.03 0.22 0.52 0.79 0.92 0.98 1.00  1  1  1  1  1
 0.03 0.22 0.52 0.79 0.92 0.98 1.00  1  1  1  1  1
 0.03 0.22 0.52 0.79 0.92 0.98 1.00  1  1  1  1  1
 0.03 0.22 0.52 0.79 0.92 0.98 1.00  1  1  1  1  1
 0.03 0.22 0.52 0.79 0.92 0.98 1.00  1  1  1  1  1
 0.03 0.22 0.52 0.79 0.92 0.98 1.00  1  1  1  1  1
 0.03 0.22 0.52 0.79 0.92 0.98 1.00  1  1  1  1  1
 0.03 0.22 0.52 0.79 0.92 0.98 1.00  1  1  1  1  1
 0.03 0.22 0.52 0.79 0.92 0.98 1.00  1  1  1  1  1
 0.03 0.22 0.52 0.79 0.92 0.98 1.00  1  1  1  1  1
 0.03 0.22 0.52 0.79 0.92 0.98 1.00  1  1  1  1  1
 0.03 0.22 0.52 0.79 0.92 0.98 1.00  1  1  1  1  1
 0.03 0.22 0.52 0.79 0.92 0.98 1.00  1  1  1  1  1
 0.03 0.22 0.52 0.79 0.92 0.98 1.00  1  1  1  1  1
 0.03 0.22 0.52 0.79 0.92 0.98 1.00  1  1  1  1  1
 0.03 0.22 0.52 0.79 0.92 0.98 1.00  1  1  1  1  1
 0.03 0.22 0.52 0.79 0.92 0.98 1.00  1  1  1  1  1
 0.03 0.22 0.52 0.79 0.92 0.98 1.00  1  1  1  1  1
 0.03 0.27 0.61 0.91 1.00 1.00 1.00  1  1  1  1  1
 0.04 0.28 0.60 0.88 1.00 1.00 1.00  1  1  1  1  1
 0.05 0.29 0.59 0.85 0.97 0.99 1.00  1  1  1  1  1
 0.05 0.28 0.57 0.82 0.94 0.98 1.00  1  1  1  1  1
 0.05 0.27 0.55 0.79 0.92 0.97 1.00  1  1  1  1  1
 0.05 0.26 0.53 0.77 0.90 0.96 1.00  1  1  1  1  1
 0.04 0.23 0.51 0.76 0.89 0.96 1.00  1  1  1  1  1
 0.03 0.19 0.49 0.75 0.89 0.96 1.00  1  1  1  1  1
 0.03 0.17 0.48 0.75 0.88 0.96 1.00  1  1  1  1  1
 0.02 0.17 0.48 0.75 0.89 0.97 1.00  1  1  1  1  1
 0.02 0.17 0.49 0.77 0.91 0.99 1.00  1  1  1  1  1
 0.01 0.17 0.49 0.78 0.93 1.00 0.99  1  1  1  1  1
 0.01 0.17 0.49 0.78 0.93 1.00 0.99  1  1  1  1  1
 0.01 0.17 0.47 0.75 0.90 1.00 0.99  1  1  1  1  1
 0.01 0.16 0.44 0.70 0.87 0.98 0.99  1  1  1  1  1
 0.02 0.16 0.41 0.64 0.83 0.96 0.99  1  1  1  1  1
 0.02 0.16 0.38 0.60 0.79 0.94 0.98  1  1  1  1  1
 0.02 0.16 0.37 0.58 0.77 0.92 0.98  1  1  1  1  1
 0.01 0.17 0.37 0.56 0.75 0.91 0.98  1  1  1  1  1
 0.01 0.17 0.37 0.56 0.74 0.89 0.98  1  1  1  1  1
 0.01 0.18 0.37 0.56 0.74 0.88 0.97  1  1  1  1  1
 0.01 0.18 0.38 0.57 0.74 0.88 0.97  1  1  1  1  1
 0.00 0.18 0.39 0.59 0.76 0.89 0.97  1  1  1  1  1
 0.00 0.18 0.40 0.62 0.78 0.90 0.97  1  1  1  1  1
 0.00 0.19 0.42 0.64 0.80 0.91 0.97  1  1  1  1  1
 0.01 0.20 0.43 0.66 0.82 0.92 0.97  1  1  1  1  1
 0.01 0.21 0.45 0.68 0.84 0.94 0.97  1  1  1  1  1
 0.02 0.23 0.47 0.71 0.87 0.95 0.97  1  1  1  1  1
 0.03 0.24 0.49 0.72 0.88 0.96 0.98  1  1  1  1  1
 0.03 0.25 0.50 0.73 0.89 0.97 0.98  1  1  1  1  1
 0.04 0.25 0.50 0.74 0.90 0.97 0.98  1  1  1  1  1
 0.04 0.26 0.51 0.74 0.90 0.98 0.98  1  1  1  1  1
 0.05 0.26 0.51 0.74 0.90 0.98 0.98  1  1  1  1  1
# vector of age-based denominators to catch residuals (Chat/Cobs)^2/denom_res <--> 3:14
#   3        4         5         6         7         8         9        10         11       12         13       14+ 
 3.83019 0.76819 0.10780 0.04895 0.10914 0.15043 0.17742 0.11887 0.14041 0.30748 1.51845 1.51845
 3.83019 0.76819 0.10780 0.04895 0.10914 0.15043 0.17742 0.11887 0.14041 0.30748 1.51845 1.51845
 3.83019 0.76819 0.10780 0.04895 0.10914 0.15043 0.17742 0.11887 0.14041 0.30748 1.51845 1.51845
 3.83019 0.76819 0.10780 0.04895 0.10914 0.15043 0.17742 0.11887 0.14041 0.30748 1.51845 1.51845
 3.83019 0.76819 0.10780 0.04895 0.10914 0.15043 0.17742 0.11887 0.14041 0.30748 1.51845 1.51845
 3.83019 0.76819 0.10780 0.04895 0.10914 0.15043 0.17742 0.11887 0.14041 0.30748 1.51845 1.51845
 3.83019 0.76819 0.10780 0.04895 0.10914 0.15043 0.17742 0.11887 0.14041 0.30748 1.51845 1.51845
 3.83019 0.76819 0.10780 0.04895 0.10914 0.15043 0.17742 0.11887 0.14041 0.30748 1.51845 1.51845
 3.83019 0.76819 0.10780 0.04895 0.10914 0.15043 0.17742 0.11887 0.14041 0.30748 1.51845 1.51845
 3.83019 0.76819 0.10780 0.04895 0.10914 0.15043 0.17742 0.11887 0.14041 0.30748 1.51845 1.51845
 3.83019 0.76819 0.10780 0.04895 0.10914 0.15043 0.17742 0.11887 0.14041 0.30748 1.51845 1.51845
 3.83019 0.76819 0.10780 0.04895 0.10914 0.15043 0.17742 0.11887 0.14041 0.30748 1.51845 1.51845
 3.83019 0.76819 0.10780 0.04895 0.10914 0.15043 0.17742 0.11887 0.14041 0.30748 1.51845 1.51845
 3.83019 0.76819 0.10780 0.04895 0.10914 0.15043 0.17742 0.11887 0.14041 0.30748 1.51845 1.51845
 3.83019 0.76819 0.10780 0.04895 0.10914 0.15043 0.17742 0.11887 0.14041 0.30748 1.51845 1.51845
 3.83019 0.76819 0.10780 0.04895 0.10914 0.15043 0.17742 0.11887 0.14041 0.30748 1.51845 1.51845
 3.83019 0.76819 0.10780 0.04895 0.10914 0.15043 0.17742 0.11887 0.14041 0.30748 1.51845 1.51845
 3.83019 0.76819 0.10780 0.04895 0.10914 0.15043 0.17742 0.11887 0.14041 0.30748 1.51845 1.51845
 3.83019 0.76819 0.10780 0.04895 0.10914 0.15043 0.17742 0.11887 0.14041 0.30748 1.51845 1.51845
 3.83019 0.76819 0.10780 0.04895 0.10914 0.15043 0.17742 0.11887 0.14041 0.30748 1.51845 1.51845
 3.83019 0.76819 0.10780 0.04895 0.10914 0.15043 0.17742 0.11887 0.14041 0.30748 1.51845 1.51845
 3.83019 0.76819 0.10780 0.04895 0.10914 0.15043 0.17742 0.11887 0.14041 0.30748 1.51845 1.51845
 3.83019 0.76819 0.10780 0.04895 0.10914 0.15043 0.17742 0.11887 0.14041 0.30748 1.51845 1.51845
 3.83019 0.76819 0.10780 0.04895 0.10914 0.15043 0.17742 0.11887 0.14041 0.30748 1.51845 1.51845
 3.83019 0.76819 0.10780 0.04895 0.10914 0.15043 0.17742 0.11887 0.14041 0.30748 1.51845 1.51845
 3.83019 0.76819 0.10780 0.04895 0.10914 0.15043 0.17742 0.11887 0.14041 0.30748 1.51845 1.51845
 3.83019 0.76819 0.10780 0.04895 0.10914 0.15043 0.17742 0.11887 0.14041 0.30748 1.51845 1.51845
 3.83019 0.76819 0.10780 0.04895 0.10914 0.15043 0.17742 0.11887 0.14041 0.30748 1.51845 1.51845
 3.83019 0.76819 0.10780 0.04895 0.10914 0.15043 0.17742 0.11887 0.14041 0.30748 1.51845 1.51845
 3.83019 0.76819 0.10780 0.04895 0.10914 0.15043 0.17742 0.11887 0.14041 0.30748 1.51845 1.51845
 3.83019 0.76819 0.10780 0.04895 0.10914 0.15043 0.17742 0.11887 0.14041 0.30748 1.51845 1.51845
 3.83019 0.76819 0.10780 0.04895 0.10914 0.15043 0.17742 0.11887 0.14041 0.30748 1.51845 1.51845
 3.83019 0.76819 0.10780 0.04895 0.10914 0.15043 0.17742 0.11887 0.14041 0.30748 1.51845 1.51845
 3.83019 0.76819 0.10780 0.04895 0.10914 0.15043 0.17742 0.11887 0.14041 0.30748 1.51845 1.51845
 3.83019 0.76819 0.10780 0.04895 0.10914 0.15043 0.17742 0.11887 0.14041 0.30748 1.51845 1.51845
 3.83019 0.76819 0.10780 0.04895 0.10914 0.15043 0.17742 0.11887 0.14041 0.30748 1.51845 1.51845
 3.83019 0.76819 0.10780 0.04895 0.10914 0.15043 0.17742 0.11887 0.14041 0.30748 1.51845 1.51845
 3.83019 0.76819 0.10780 0.04895 0.10914 0.15043 0.17742 0.11887 0.14041 0.30748 1.51845 1.51845
 3.83019 0.76819 0.10780 0.04895 0.10914 0.15043 0.17742 0.11887 0.14041 0.30748 1.51845 1.51845
 3.83019 0.76819 0.10780 0.04895 0.10914 0.15043 0.17742 0.11887 0.14041 0.30748 1.51845 1.51845
 3.83019 0.76819 0.10780 0.04895 0.10914 0.15043 0.17742 0.11887 0.14041 0.30748 1.51845 1.51845
 3.83019 0.76819 0.10780 0.04895 0.10914 0.15043 0.17742 0.11887 0.14041 0.30748 1.51845 1.51845
 3.83019 0.76819 0.10780 0.04895 0.10914 0.15043 0.17742 0.11887 0.14041 0.30748 1.51845 1.51845
 3.83019 0.76819 0.10780 0.04895 0.10914 0.15043 0.17742 0.11887 0.14041 0.30748 1.51845 1.51845
 3.83019 0.76819 0.10780 0.04895 0.10914 0.15043 0.17742 0.11887 0.14041 0.30748 1.51845 1.51845
 3.83019 0.76819 0.10780 0.04895 0.10914 0.15043 0.17742 0.11887 0.14041 0.30748 1.51845 1.51845
 3.83019 0.76819 0.10780 0.04895 0.10914 0.15043 0.17742 0.11887 0.14041 0.30748 1.51845 1.51845
 3.83019 0.76819 0.10780 0.04895 0.10914 0.15043 0.17742 0.11887 0.14041 0.30748 1.51845 1.51845
 3.83019 0.76819 0.10780 0.04895 0.10914 0.15043 0.17742 0.11887 0.14041 0.30748 1.51845 1.51845
 3.83019 0.76819 0.10780 0.04895 0.10914 0.15043 0.17742 0.11887 0.14041 0.30748 1.51845 1.51845
 3.83019 0.76819 0.10780 0.04895 0.10914 0.15043 0.17742 0.11887 0.14041 0.30748 1.51845 1.51845
 3.83019 0.76819 0.10780 0.04895 0.10914 0.15043 0.17742 0.11887 0.14041 0.30748 1.51845 1.51845
 3.83019 0.76819 0.10780 0.04895 0.10914 0.15043 0.17742 0.11887 0.14041 0.30748 1.51845 1.51845
 3.83019 0.76819 0.10780 0.04895 0.10914 0.15043 0.17742 0.11887 0.14041 0.30748 1.51845 1.51845
 3.83019 0.76819 0.10780 0.04895 0.10914 0.15043 0.17742 0.11887 0.14041 0.30748 1.51845 1.51845
# vector of age-based denominators to survey 1 residuals (Uhat/Uobs)^2/denom_res <--> 3:10
#   3        4         5         6         7         8         9     10   
2.781120 0.864885 0.487985 0.396736 0.408638 0.404671 0.432442 0.476083
2.781120 0.864885 0.487985 0.396736 0.408638 0.404671 0.432442 0.476083
2.781120 0.864885 0.487985 0.396736 0.408638 0.404671 0.432442 0.476083
2.781120 0.864885 0.487985 0.396736 0.408638 0.404671 0.432442 0.476083
2.781120 0.864885 0.487985 0.396736 0.408638 0.404671 0.432442 0.476083
2.781120 0.864885 0.487985 0.396736 0.408638 0.404671 0.432442 0.476083
2.781120 0.864885 0.487985 0.396736 0.408638 0.404671 0.432442 0.476083
2.781120 0.864885 0.487985 0.396736 0.408638 0.404671 0.432442 0.476083
2.781120 0.864885 0.487985 0.396736 0.408638 0.404671 0.432442 0.476083
2.781120 0.864885 0.487985 0.396736 0.408638 0.404671 0.432442 0.476083
2.781120 0.864885 0.487985 0.396736 0.408638 0.404671 0.432442 0.476083
2.781120 0.864885 0.487985 0.396736 0.408638 0.404671 0.432442 0.476083
2.781120 0.864885 0.487985 0.396736 0.408638 0.404671 0.432442 0.476083
2.781120 0.864885 0.487985 0.396736 0.408638 0.404671 0.432442 0.476083
2.781120 0.864885 0.487985 0.396736 0.408638 0.404671 0.432442 0.476083
2.781120 0.864885 0.487985 0.396736 0.408638 0.404671 0.432442 0.476083
2.781120 0.864885 0.487985 0.396736 0.408638 0.404671 0.432442 0.476083
2.781120 0.864885 0.487985 0.396736 0.408638 0.404671 0.432442 0.476083
2.781120 0.864885 0.487985 0.396736 0.408638 0.404671 0.432442 0.476083
2.781120 0.864885 0.487985 0.396736 0.408638 0.404671 0.432442 0.476083
2.781120 0.864885 0.487985 0.396736 0.408638 0.404671 0.432442 0.476083
2.781120 0.864885 0.487985 0.396736 0.408638 0.404671 0.432442 0.476083
# vector of age-based denominators to survey 2 residuals (Uhat/Uobs)^2/denom_res <--> 3:10
#   3        4         5         6         7         8         9     10   
1.201580 0.608800 0.624821 0.550056 0.534035 0.539376 0.555397 0.608800
1.201580 0.608800 0.624821 0.550056 0.534035 0.539376 0.555397 0.608800
1.201580 0.608800 0.624821 0.550056 0.534035 0.539376 0.555397 0.608800
1.201580 0.608800 0.624821 0.550056 0.534035 0.539376 0.555397 0.608800
1.201580 0.608800 0.624821 0.550056 0.534035 0.539376 0.555397 0.608800
1.201580 0.608800 0.624821 0.550056 0.534035 0.539376 0.555397 0.608800
1.201580 0.608800 0.624821 0.550056 0.534035 0.539376 0.555397 0.608800
1.201580 0.608800 0.624821 0.550056 0.534035 0.539376 0.555397 0.608800
1.201580 0.608800 0.624821 0.550056 0.534035 0.539376 0.555397 0.608800
1.201580 0.608800 0.624821 0.550056 0.534035 0.539376 0.555397 0.608800
1.201580 0.608800 0.624821 0.550056 0.534035 0.539376 0.555397 0.608800
1.201580 0.608800 0.624821 0.550056 0.534035 0.539376 0.555397 0.608800
1.201580 0.608800 0.624821 0.550056 0.534035 0.539376 0.555397 0.608800
1.201580 0.608800 0.624821 0.550056 0.534035 0.539376 0.555397 0.608800
1.201580 0.608800 0.624821 0.550056 0.534035 0.539376 0.555397 0.608800
1.201580 0.608800 0.624821 0.550056 0.534035 0.539376 0.555397 0.608800
1.201580 0.608800 0.624821 0.550056 0.534035 0.539376 0.555397 0.608800
1.201580 0.608800 0.624821 0.550056 0.534035 0.539376 0.555397 0.608800
1.201580 0.608800 0.624821 0.550056 0.534035 0.539376 0.555397 0.608800
1.201580 0.608800 0.624821 0.550056 0.534035 0.539376 0.555397 0.608800


